-30 -10 -50 -5 5 -5
60 50 -10 -3 2 1
20 60 50 3 -1 2
30 80 50 0 3 2 
20 100 50 4 3 1
-50 -20 50 -2 0 3
-10 -50 -30 -5 5 -5
-50 30 50 -3 2 1
-60 20 50 3 -1 2
-50 30 40 0 3 2
-20 50 -30 4 3 1
-60 50 -10 -2 0 3
-80 -30 -40 -5 5 -5
-50 30 10 -3 2 1
-30 -20 -60 0 3 2
-80 0 -20 4 3 1
-60 -50 20 -2 0 3

#mean
-19.19 112.47 1052.46 -4.40 -6.33 -5.22
70.72 70.01 1143.89 -1.40 1.70 -3.52
96.72 46.92 1102.69 1.34 1.08 3.02
70.21 153.63 1117.28 -0.67 0.83 -0.76
35.94 139.63 1102.52 -0.54 -0.02 3.55
192.73 73.57 1032.83 0.06 3.09 -2.53
20.48 130.64 1074.52 -3.71 -5.77 -5.02
93.81 126.74 1036.24 -3.43 3.29 -3.73 #err
135.83 51.33 1021.27 2.55 0.77 2.72
119.81 139.98 1034.86 -1.96 1.49 -0.73
80.79 67.97 1070.43 -1.84 0.04 3.65
120.65 15.30 1020.88 1.32 3.13 -2.56
6.26 117.21 1006.40 -2.74 -5.56 -5.11
91.49 86.74 1037.42 0.16 1.54 -3.52
170.56 69.76 1028.50 -2.73 2.68 -0.75
130.95 78.99 1006.92 -2.01 -1.21 3.83
221.83 42.73 1020.79 2.01 3.26 -2.60

#A
-18.98 113.15 1055.47 -4.35 -7.03 -5.10
71.31 70.18 1145.86 -1.60 1.70 -3.53
97.74 47.37 1103.37 2.01 1.15 3.18
71.38 153.59 1116.45 0.09 1.70 -0.87
36.78 139.75 1102.64 -0.13 1.55 3.28
193.78 73.94 1035.73 -1.06 3.96 -2.35
20.94 131.35 1077.66 -3.80 -5.71 -5.13
94.52 127.27 1040.01 -6.53 7.31 -4.22 #err
136.57 51.84 1022.87 2.43 1.48 2.70
120.30 140.28 1035.97 -1.58 1.53 -0.68
81.70 68.50 1071.43 -1.46 2.26 3.63
121.13 15.64 1022.89 1.60 2.04 -2.56
6.99 117.81 1008.36 -0.91 -3.92 -5.29
92.40 87.08 1037.55 1.73 4.66 -3.61
171.42 70.38 1031.71 -1.75 4.53 -0.88
131.66 79.21 1007.46 -2.10 -0.96 3.97
222.89 43.18 1024.06 1.87 3.69 -2.69