-19.19 112.47 1052.46 -4.40 -6.33 -5.22
70.72 70.01 1143.89 -1.40 1.70 -3.52
96.72 46.92 1102.69 1.34 1.08 3.02
70.21 153.63 1117.28 -0.67 0.83 -0.76
35.94 139.63 1102.52 -0.54 -0.02 3.55
192.73 73.57 1032.83 0.06 3.09 -2.53
20.48 130.64 1074.52 -3.71 -5.77 -5.02
93.81 126.74 1036.24 -3.43 3.29 -3.73 
135.83 51.33 1021.27 2.55 0.77 2.72
119.81 139.98 1034.86 -1.96 1.49 -0.73
80.79 67.97 1070.43 -1.84 0.04 3.65
120.65 15.30 1020.88 1.32 3.13 -2.56
6.26 117.21 1006.40 -2.74 -5.56 -5.11
91.49 86.74 1037.42 0.16 1.54 -3.52
170.56 69.76 1028.50 -2.73 2.68 -0.75
130.95 78.99 1006.92 -2.01 -1.21 3.83
221.83 42.73 1020.79 2.01 3.26 -2.60

